SNP_eqtl	gene	beta	t-stat	p-value	FDR	chrN	our_snp_id	cm	pos	our_counted	our_alt	chrom	SNP_gwas	Freq.A1	CHR	BP	A1	A2	OR	SE	P	hg19chrc	hg38chrc	hg38pos	pgc2_a1_same_as_our_counted	rsid	is_index_snp
rs17601612:113317745:G:C	ENST00000346454.7	0.0648063713814349	3.43736087502866	0.0006473377854836031	0.0359002824009333	11	rs17601612:113317745:G:C	0	113317745	C	G	chr11	rs17601612:113317745:G:C	0.6272	11	113317745	G	C	1.0659999999999998	0.010238	4.3e-10	chr11	chr11	113447023	False	rs17601612	False
rs4337071:113334100:C:T	ENST00000346454.7	0.0635936192547851	3.3797987921026404	0.00079472508095103	0.0421823530447455	11	rs4337071:113334100:C:T	0	113334100	T	C	chr11	rs4337071:113334100:C:T	0.6372	11	113334100	C	T	1.0646	0.010185	8.05e-10	chr11	chr11	113463378	False	rs4337071	False
