SNP_eqtl	gene	beta	t-stat	p-value	FDR	chrN	our_snp_id	cm	pos	our_counted	our_alt	chrom	SNP_gwas	Freq.A1	CHR	BP	A1	A2	OR	SE	P	hg19chrc	hg38chrc	hg38pos	pgc2_a1_same_as_our_counted	rsid	is_index_snp
rs35277073:113350620:C:G	ENSG00000149295.13	0.0416717687891998	3.33636868308896	0.000926589690488051	0.0255609629324568	11	rs35277073:113350620:C:G	0	113350620	G	C	chr11	rs35277073:113350620:C:G	0.6382	11	113350620	C	G	1.0659999999999998	0.010164	3.13e-10	chr11	chr11	113479898	False	rs35277073	False
rs4337071:113334100:C:T	ENSG00000149295.13	0.0405498999597348	3.29842093040612	0.00105758688326377	0.028421969087279002	11	rs4337071:113334100:C:T	0	113334100	T	C	chr11	rs4337071:113334100:C:T	0.6372	11	113334100	C	T	1.0646	0.010185	8.05e-10	chr11	chr11	113463378	False	rs4337071	False
rs4630328:113334209:G:A	ENSG00000149295.13	0.0403467290640774	3.26058474489475	0.00120514930916248	0.0315438460692015	11	rs4630328:113334209:G:A	0	113334209	A	G	chr11	rs4630328:113334209:G:A	0.6382	11	113334209	G	A	1.0652	0.010132	4.54e-10	chr11	chr11	113463487	False	rs4630328	False
rs34632468:113334227:CT:C	ENSG00000149295.13	0.0402132524523869	3.25004719407305	0.00124952174116544	0.032468198953325	11	rs34632468:113334227:CT:C	0	113334227	C	CT	chr11	rs34632468:113334227:CT:C	0.3628	11	113334227	CT	C	1.06428	0.0102	9.611e-10	chr11	chr11	113463505	False	rs34632468	False
rs11601054:113336172:G:A	ENSG00000149295.13	0.0398228105693619	3.21651825672299	0.0014009814045946901	0.0355612064344752	11	rs11601054:113336172:G:A	0	113336172	A	G	chr11	rs11601054:113336172:G:A	0.6382	11	113336172	G	A	1.0655	0.010185	4.71e-10	chr11	chr11	113465450	False	rs11601054	False
rs61902807:113344912:T:C	ENSG00000149295.13	0.0397201386851393	3.20707157484963	0.00144662553565683	0.0364719904387715	11	rs61902807:113344912:T:C	0	113344912	C	T	chr11	rs61902807:113344912:T:C	0.6382	11	113344912	T	C	1.0654	0.010164	4.52e-10	chr11	chr11	113474190	False	rs61902807	False
rs2514218:113392994:C:T	ENSG00000149295.13	0.0397143477645988	3.1795469374639906	0.0015875789416218199	0.0392196066003614	11	rs2514218:113392994:C:T	0	113392994	T	C	chr11	rs2514218:113392994:C:T	0.6481	11	113392994	C	T	1.0752	0.010352	2.42e-12	chr11	chr11	113522272	False	rs2514218	True
rs61902787:113337058:C:A	ENSG00000149295.13	0.0392017181606871	3.1651367640436296	0.00166633517466733	0.0407463341888772	11	rs61902787:113337058:C:A	0	113337058	A	C	chr11	rs61902787:113337058:C:A	0.6372	11	113337058	C	A	1.0657	0.010164	3.77e-10	chr11	chr11	113466336	False	rs61902787	False
rs7948028:113328681:A:C	ENSG00000149295.13	0.0390043511876269	3.15269560207271	0.0017372158108188	0.042092484173433996	11	rs7948028:113328681:A:C	0	113328681	C	A	chr11	rs7948028:113328681:A:C	0.6362	11	113328681	A	C	1.0658	0.010164	3.69e-10	chr11	chr11	113457959	False	rs7948028	False
rs61902811:113370758:G:A	ENSG00000149295.13	0.0387483054771919	3.1245462047173103	0.0019079793602732602	0.0452863652984227	11	rs61902811:113370758:G:A	0	113370758	A	G	chr11	rs61902811:113370758:G:A	0.6412	11	113370758	G	A	1.0691	0.010185	5.42e-11	chr11	chr11	113500036	False	rs61902811	False
rs61902812:113374420:C:A	ENSG00000149295.13	0.0387483054771919	3.1245462047173103	0.0019079793602732602	0.0452863652984227	11	rs61902812:113374420:C:A	0	113374420	A	C	chr11	rs61902812:113374420:C:A	0.6412	11	113374420	C	A	1.0675	0.010393	3.27e-10	chr11	chr11	113503698	False	rs61902812	False
rs35175482:113349935:C:CA	ENSG00000149295.13	0.0388661154006477	3.11970136134342	0.0019388853728896397	0.0458484587778608	11	rs35175482:113349935:C:CA	0	113349935	CA	C	chr11	rs35175482:113349935:C:CA	0.3618	11	113349935	CA	C	0.938474	0.0102	4.256e-10	chr11	chr11	113479213	True	rs35175482	False
rs3133388:113407114:G:A	ENSG00000149295.13	0.039537791633534	3.0897589321204597	0.00214035552503823	0.0494943930489023	11	rs3133388:113407114:G:A	0	113407114	A	G	chr11	rs3133388:113407114:G:A	0.6958	11	113407114	G	A	1.0736	0.011047	1.31e-10	chr11	chr11	113536392	False	rs3133388	False
